Sort:
6
7
7
9
9
10
11
11
11
12
12
12
13
17
17
20
20
21
22
22
22
22
23
23
23
24
24
24
29
31
31
32
32
33
34
34
35
36
39
40
40
40
43
43
44
45
47
47
48
49
50
50
51
52
52
53
53
55
56
57
58
58
59
61
65
65
66
68
69
69
69
70
71
71
72
72
73
74
75
76
76
76
79
80
83
85
89
90
90
91
91
92
94
94
96
96
97
98
99
101
101
102
102
103
103
103
104
105
105
105
106
107
109
110
112
115
118
119
120
120
120
123
124
124
125
125
128
129
131
131
133
134
134
134
135
135
135
136
139
139
140
140
142
142
142
143
144
144
145
145
146
146
146
152
154
154
155
155
155
155
156
157
157
158
160
161
162
164
164
164
165
167
167
171
171
172
173
173
174
176
178
179
179
181
184
184
185
188
189
189
189
190
190
190
190
191
195
196
197
198
199
199
200
200
201
201
202
204
205
205
205
205
206
208
209
211
212
213
213
213
213
213
217
217
218
219
219
223
224
224
225
225
225
227
227
228
228
229
231
231
232
232
232
233
233
235
235
236
237
238
238
239
239
239
242
242
244
244
245
245
247
248
249
249
250
252
253
254
255
256
256
257
257
257
258
259
259
259
260
261
262
262
262
265
266
266
266
267
268
269
271
271
272
276
276
277
278
279
280
281
281
282
282
282
283
284
284
285
285
286
287
287
289
290
291
292
295
296
297
298
299
299
301
301
301
303
304
305
305
305
306
308
308
311
311
313
313
315
315
316
318
320
321
322
322
323
324
325
325
325
326
326
327
327
328
328
328
331
333
334
335
336
337
338
339
339
340
341
342
343
343
343
344
346
347
347
348
349
351
351
351
352
355
355
357
360
361
361
362
362
366
368
371
372
373
373
373
374
375
375
377
378
379
379
380
382
384
384
384
385
387
387
389
390
391
392
392
399
399
401
402
405
408
415
418
418
420
420
421
421
421
422
423
424
424
424
425
425
425
427
429
429
431
432
432
433
433
433
434
436
438
439
442
442
442
442
445
448
448
449
450
451
452
452
453
454
454
455
457
462
462
464
465
466
467
468
470
470
471
473
474
475
475
477
478
478
478
479
479
481
482
483
484
484
485
487
488
491
493
493
493
493
494
494
495
496
498
500
503
503
505
507
511
511
511
511
511
512
512
514
514
514
517
519
520
520
521
522
523
523
523
526
527
528
529
529
531
531
531
531
533
533
533
534
535
537
537
538
539
540
543
549
550
550
551
552
552
552
554
554
557
558
564
566
568
569
569
571
571
571
572
572
573
574
575
577
578
578
583
586
587
587
591
591
592
592
592
592
593
593
595
597
598
599
600
603
604
605
605
606
607
608
610
610
612
613
613
613
614
614
614
614
615
617
623
623
624
627
627
627
628
629
631
633
634
634
635
638
640
642
642
642
645
646
646
647
649
650
650
650
650
651
652
654
655
655
656
657
657
660
660
660
662
663
664
664
665
667
667
667
669
670
671
672
672
674
675
677
677
678
678
681
681
681
682
682
684
684
684
685
685
685
686
686
688
691
693
693
695
698
698
701
702
705
706
707
708
708
708
712
712
712
713
713
714
715
715
717
717
717
722
724
724
725
725
726
727
728
729
729
729
730
730
730
731
732
732
733
734
735
735
736
737
740
740
741
742
743
746
748
749
749
749
749
751
751
751
752
754
756
757
758
758
759
759
759
759
761
762
763
764
766
767
767
768
768
768
770
772
773
774
776
777
777
778
779
780
780
780
782
782
785
785
785
786
786
786
787
789
789
789
790
790
791
791
791
792
792
795
795
797
797
797
798
798
799
800
802
802
802
805
807
808
812
813
813
814
814
816
817
823
825
826
826
827
828
828
829
830
832
832
832
833
833
834
835
836
836
840
841
841
841
842
843
843
843
844
844
845
845
848
851
851
852
852
852
853
854
856
856
860
861
862
862
863
863
864
868
870
870
870
870
871
871
872
874
877
878
879
879
880
881
882
882
883
883
883
884
885
885
886
886
888
889
889
889
890
890
891
893
894
896
899
899
899
901
901
902
902
905
906
906
907
908
909
912
915
917
919
922
923
924
925
928
930
930
933
933
933
933
936
940
940
941
941
942
943
947
949
949
949
949
951
951
951
951
951
953
957
957
957
957
958
958
958
959
962
962
964
964
965
967
967
969
969
970
970
972
973
974
975
976
976
977
978
979
980
980
981
981
984
984
986
988
988
989
989
989
989
990
990
991
991
992
993
993
994
997
998
1000
CPU Time : 0.6087429523468018
Output Time : 2024-04-24 19:22:05.601423