813
511
856
817
29
308
43
627
318
613
420
115
640
40
31
494
66
162
128
652
378
474
107
99
500
296
681
951
879
155
531
156
131
379
140
205
22
614
448
959
498
475
219
684
445
485
843
50
752
143
172
780
9
852
250
505
325
891
380
523
785
286
235
759
707
69
213
712
385
917
487
566
972
454
343
741
102
200
408
889
623
554
649
258
623
247
670
249
608
989
908
638
464
669
105
239
206
610
75
973
301
603
779
759
767
245
856
245
257
540
91
962
607
190
678
834
384
840
399
391
336
118
969
244
667
740
782
885
50
844
698
988
990
878
665
812
749
120
832
527
835
328
764
71
841
905
262
633
615
424
592
798
571
297
949
73
708
292
789
13
315
205
101
197
949
422
102
681
592
763
261
135
733
276
184
279
24
176
134
574
614
255
571
714
104
47
789
259
285
871
324
218
285
724
539
421
228
889
225
798
872
650
465
322
239
550
152
940
628
299
655
800
70
886
957
836
986
724
491
112
511
179
12
342
777
870
65
266
290
529
11
154
201
627
167
266
722
743
660
362
339
797
701
797
32
864
786
281
572
780
173
301
145
305
488
650
134
717
213
742
802
646
144
749
228
479
392
922
238
685
951
681
227
375
361
862
705
473
281
727
808
853
331
271
552
325
89
453
125
957
874
97
974
135
791
851
303
418
778
146
179
482
728
58
360
478
832
981
493
259
749
901
287
970
160
587
889
387
578
467
22
436
347
672
401
520
146
612
442
189
836
442
577
606
772
729
253
399
495
155
134
531
677
225
877
242
164
511
262
189
899
735
40
693
439
967
759
71
870
17
845
232
449
969
813
442
85
663
662
470
479
943
884
231
327
277
503
575
990
886
677
693
951
936
997
951
758
351
975
786
949
244
832
295
373
200
992
902
512
925
558
827
977
790
268
119
433
289
748
475
646
795
322
989
517
598
242
713
736
420
427
368
470
466
726
357
248
861
196
791
260
785
344
613
351
843
605
947
768
316
667
433
592
512
994
768
841
740
942
654
282
573
23
979
702
708
657
6
534
571
24
686
199
725
387
965
462
698
11
564
729
695
233
924
526
852
123
61
103
902
708
418
933
155
191
448
98
7
686
145
256
219
825
256
552
706
125
301
9
543
715
272
792
522
136
890
238
211
287
682
785
313
164
10
198
339
22
12
774
213
120
224
311
146
181
762
964
768
930
315
816
327
205
106
984
325
519
92
493
770
483
751
144
276
103
429
586
450
634
802
899
595
754
40
537
896
69
471
890
761
58
481
74
605
257
337
732
970
142
235
551
455
195
267
795
883
844
684
59
190
308
188
802
870
91
51
989
343
374
521
379
185
957
173
958
933
792
442
402
634
167
629
478
94
715
962
894
280
520
660
328
901
204
333
392
334
90
171
756
533
729
31
572
593
69
578
382
951
799
964
164
842
496
967
978
776
730
371
928
514
863
552
68
34
362
454
105
283
933
139
854
225
993
262
131
912
189
209
933
47
103
734
685
80
7
664
320
212
305
645
55
991
52
650
569
415
930
373
919
554
514
94
617
833
757
991
328
882
438
321
355
843
1000
953
373
593
12
881
53
39
35
140
514
688
523
826
717
434
610
537
759
958
190
284
647
299
751
129
124
568
790
355
76
791
24
848
457
377
735
484
421
805
351
717
883
227
468
712
976
348
538
178
980
493
624
787
523
425
154
213
782
906
829
879
45
657
311
109
349
208
988
862
372
758
958
57
135
257
199
868
254
171
600
909
767
893
642
660
22
651
678
90
53
165
531
583
664
217
569
713
478
980
361
44
124
685
232
291
224
672
940
139
142
691
11
79
941
72
20
860
23
993
49
72
405
642
266
223
650
529
882
323
981
682
43
96
852
989
184
229
797
494
433
284
105
732
674
493
597
33
828
614
998
823
749
712
423
871
338
923
833
326
550
366
282
885
484
667
814
352
384
278
252
655
271
503
313
346
96
870
21
298
751
592
34
915
259
451
730
36
142
684
591
528
120
335
725
306
32
326
155
642
231
957
305
101
384
746
789
425
826
421
511
477
830
841
780
656
48
671
424
23
949
232
907
599
20
237
56
343
201
341
202
786
233
217
737
17
452
863
613
631
432
429
431
76
766
389
807
110
507
587
424
236
269
731
265
851
604
347
845
531
533
157
239
627
249
52
133
213
375
557
777
828
730
76
941
282
899
880
511
976
591
83
425
814
158
161
190
205
906
635
535
675
432
452
883
888
340
462
157
549
65
614
390
773
304
174
533
984